4294967278,310
4294967279,310
4294967278,392
4294967278,347
4294967279,409
4294967278,341
4294967278,340
4294967278,391
4294967279,309
4294967278,339
4294967278,305
4294967278,303
4294967279,307
4294967278,390
4294967278,336
4294967278,331
4294967279,402
4294967278,293
4294967278,389
4294967278,292
4294967278,289
4294967278,388
4294967279,399
4294967278,329
4294967278,328
4294967279,277
4294967278,287
4294967278,284
4294967279,282
4294967279,394
4294967278,387
4294967278,386
4294967279,261
4294967278,286
4294967278,128
4294967278,124
4294967278,123
4294967278,122
4294967278,120
4294967278,116
4294967278,115
4294967278,114
4294967278,113
4294967278,111
4294967278,108
4294967278,106
4294967278,104
4294967278,102
4294967278,101
4294967278,100
4294967278,99
4294967278,96
4294967278,94
4294967278,92
4294967278,91
4294967278,90
4294967278,89
4294967278,83
4294967278,81
4294967278,79
4294967278,78
4294967278,77
4294967278,75
4294967278,74
4294967278,73
4294967278,72
4294967278,71
4294967278,70
4294967278,57
4294967278,56
4294967278,55
4294967278,54
4294967278,49
4294967278,47
4294967278,44
4294967278,42
4294967278,40
4294967278,39
4294967278,38
4294967278,37
4294967278,36
4294967278,35
4294967278,34
4294967278,33
4294967278,32
4294967278,31
4294967278,30
4294967278,29
4294967278,28
4294967278,27
4294967278,26
4294967279,25
4294967278,325
4294967279,389
4294967279,252
4294967278,243
4294967279,23
4294967279,22
4294967279,21
4294967279,20
4294967279,19
4294967279,18
4294967279,17
4294967279,15
4294967279,14
4294967279,13
4294967279,12
4294967279,11
4294967279,10
4294967279,9
4294967279,8
4294967278,229
4294967278,225
4294967279,219
4294967294,1424
4294967279,317
4294967294,1423
2,2
4294967278,126
4294967278,119
4294967278,118
4294967278,117
4294967278,109
4294967278,107
4294967278,105
4294967278,95
4294967278,93
4294967278,87
4294967278,86
4294967278,84
4294967278,338
4294967278,68
4294967278,67
4294967278,65
4294967278,337
4294967278,62
4294967278,60
4294967278,59
4294967278,58
4294967278,51
4294967278,50
4294967278,334
4294967278,46
4294967278,333
4294967278,45
4294967278,332
4294967278,43
4294967278,41
4294967278,260
4294967278,330
4294967278,327
4294967279,405
4294967279,404
4294967279,403
4294967279,401
4294967279,400
4294967279,174
4294967279,278
4294967279,24
4294967279,397
4294967279,395
4294967279,16
4294967279,6
4294967279,5
4294967279,4
4294967278,207
4294967279,205
4294967294,36
4294967279,312
4294967278,196
4294967278,191
4294967294,41
4294967294,43
4294967294,430
4294967294,44
4294967278,190
4294967279,396
4294967279,393
4294967278,189
69,5
69,4
69,3
69,2
69,1
4294967279,187
4294967278,185
4294967278,69
4294967278,306
68,5
68,4
68,3
68,2
68,1
4294967278,179
4294967279,180
4294967278,64
4294967278,302
4294967294,52
4294967294,76
4294967294,114
4294967294,483
4294967294,82
4294967279,306
4294967278,63
4294967278,301
4294967279,305
4294967278,61
4294967278,300
67,5
67,4
4294967279,171
67,3
67,2
67,1
4294967294,482
4294967294,91
4294967294,88
4294967294,87
4294967294,85
4294967294,84
4294967279,300
4294967278,52
4294967278,296
4294967279,161
4294967279,162
4294967278,159
4294967294,481
4294967279,296
4294967294,470
4294967279,155
4294967279,154
4294967279,295
4294967279,294
4294967294,389
4294967294,396
4294967294,154
4294967294,451
4294967294,454
4294967278,385
4294967279,293
4294967278,146
4294967279,143
4294967278,384
4294967279,319
4294967279,137
4294967278,136
4294967279,136
4294967279,134
63,5
63,4
63,3
63,2
63,1
4294967279,7
4294967278,285
4294967294,1079
4294967294,185
4294967279,302
4294967278,132
4294967278,326
4294967279,258
4294967278,324
4294967278,131
4294967278,322
4294967278,121
4294967278,313
4294967278,130
4294967279,447
4294967278,129
4294967278,256
4294967279,388
4294967279,256
4294967278,127
4294967278,320
4294967279,386
4294967278,319
4294967278,383
4294967278,125
4294967278,250
4294967278,253
60,5
60,4
4294967278,252
60,3
60,2
60,1
4294967278,251
4294967279,384
4294967279,247
4294967294,128
4294967294,186
4294967278,242
4294967278,240
4294967279,240
4294967278,238
4294967278,382
4294967279,239
4294967278,381
4294967294,1162
4294967279,446
4294967279,0
4294967278,112
4294967278,235
4294967294,1422
4294967279,232
4294967279,233
4294967278,110
4294967278,231
4294967278,228
4294967278,224
4294967279,224
4294967278,222
58,5
4294967279,222
58,4
58,3
58,2
58,1
4294967278,103
4294967278,217
4294967279,215
4294967278,214
4294967278,98
4294967279,214
4294967278,212
4294967279,213
4294967278,317
4294967279,209
4294967278,97
4294967278,209
4294967278,316
4294967279,316
4294967279,445
4294967278,208
56,5
4294967294,22
4294967278,206
56,4
56,3
56,2
56,1
4294967278,380
4294967294,480
4294967278,203
4294967278,202
55,5
4294967278,85
4294967278,200
55,4
55,3
55,2
55,1
4294967278,311
4294967279,444
4294967294,1083
4294967278,379
4294967279,311
4294967278,82
4294967278,195
4294967278,309
4294967278,194
4294967278,80
4294967278,308
4294967279,443
4294967278,192
4294967279,191
4294967278,378
4294967278,76
4294967278,186
4294967279,190
54,6
4294967278,188
54,5
4294967279,189
54,4
4294967278,187
54,3
54,2
54,1
4294967279,188
4294967278,377
4294967294,115
4294967279,185
4294967279,184
4294967294,9
4294967278,182
4294967279,183
4294967294,89
4294967279,182
4294967278,66
4294967278,304
4294967279,179
4294967278,175
4294967279,178
4294967278,176
4294967279,177
4294967278,173
4294967279,175
4294967278,172
4294967279,173
4294967279,172
4294967278,170
4294967279,169
4294967278,169
